$ANSIBLE_VAULT;1.1;AES256
36633136656236396561633963393634383433643039336638326338613832633132333638613066
3330383630346565663039313537353664653563373761300a643561616630383132396465656133
61333735653235363835326465346666666661343731396339623031313662643634613333316263
3234333735366333650a626562616239326233303532653337393339643834306333653466303131
63303837626363323365373065316263303033313466386534383730396230393864663466316530
30663437623531396638663834636636666532356339373036323334623137353965653934366235
33656562343561313061656238396237326532366630356363633865313931313839656634623934
66376633623831666437653039663935346335366337363861663733656631323432643631303765
66623862373363646665393137376263316161633137373365613138646664326638343631353932
64336639363331636165643637646631616237623363336637636237326531373139363565663730
356361383964386238636637376562376661
